11110001 01101110 10000000 10101011
01011111 10110011 10100111 10101111
11110010 10111111 10111000 11001001
10000000 01001100 10110000 11110111

0101011010111111

11110001011011101000000010101011
01011111101100111010011110101111
11110010101111111011100011001001
10000000010011001011000011110111
11110001011011101000000010101011
01011111101100111010011110101111
11110010101111111011100011001001
10000000010011001011000011110111
11110001011011101000000010101011
01011111101100111010011110101111
11110010101111111011100011001001
10000000010011001011000011110111
11110001011011101000000010101011
01011111101100111010011110101111
11110010101111111011100011001001
10000000010011001011000011110111
11110001011011101000000010101011
01011111101100111010011110101111
11110010101111111011100011001001
10000000010011001011000011110111
11110001011011101000000010101011
01011111101100111010011110101111
11110010101111111011100011001001
10000000010011001011000011110111
11110001011011101000000010101011
01011111101100111010011110101111
11110010101111111011100011001001
10000000010011001011000011110111
11110001011011101000000010101011
01011111101100111010011110101111
11110010101111111011100011001001
10000000010011001011000011110111
11110001011011101000000010101011
01011111101100111010011110101111
11110010101111111011100011001001
10000000010011001011000011110111
